image_width: 346
image_height: 260
camera_name: rpg_DAVIS240C_left
camera_matrix:
  rows: 3
  cols: 3
  data: [249.69341447817564, 0, 176.74240257052816, 
        0, 248.41625664694038, 129.47631010746218, 
        0.0, 0.0, 1.0]
distortion_model: plumb_bob
distortion_coefficients:
  rows: 1
  cols: 4
  data: [-0.3794794654640921, 0.15393049046270296, 0.0011400586965363895, -0.0019042695753031854]
rectification_matrix:
  rows: 3
  cols: 3
  data: [0.9996582392033962, 0.01825841180351245, -0.0187092274340465,
        -0.01821309407569819, 0.9998307738494161, 0.00258976212565294,
        0.01875334628687074, -0.002248124127145964, 0.9998216130595267]
projection_matrix:
  rows: 3
  cols: 4
  data: [238.5045814631737, 0, 184.8664264678955, 0,
        0, 238.5045814631737, 133.5706195831299, 0,
        0, 0, 1, 0]
T_right_left:
  rows: 3
  cols: 4
  data: [0.9999189999842378, 0.00927392731970859, -0.00871709484799569, -0.05968052204060377,
          -0.009231577824269699, 0.9999454511978819, 0.004885959428529005, -0.0005334476469976882,
          0.008761931373541011, -0.004805091126247473, 0.9999500685823629, 0.0005990728587972945]
T_b_c: 
  rows: 3
  cols: 4
  data: [0.00729100, 0.00511899, 0.99996032, -0.06016175, 
          -0.99995523, -0.00599467, 0.00732165, 0.00054603,
          0.00603191, -0.99996893, 0.00507505, -0.00046837]