image_width: 346
image_height: 260
camera_name: rpg_DAVIS240C_right
camera_matrix:
  rows: 3
  cols: 3
  data: [258.61441518089174, 0, 178.44356547141308, 
        0, 258.00363445501824, 135.84792628403616, 
        0.0, 0.0, 1.0]
distortion_model: plumb_bob
distortion_coefficients:
  rows: 1
  cols: 4
  data: [-0.3864639588089853, 0.1707517912637013, -0.00046695742172563157, 0.0006610867041757214]
rectification_matrix:
  rows: 3
  cols: 3
  data: [0.9999096841643789, 0.00893758046997024, -0.01003708969944925,
        -0.008961836088197219, 0.9999570233464385, -0.002374227044399772,
        0.01001543849365915, 0.002463963366789276, 0.9999468085234869]
projection_matrix:
  rows: 3
  cols: 4
  data: [238.5045814631737, 0, 184.8664264678955, -14.23536360955768,
        0, 238.5045814631737, 133.5706195831299, 0,
        0, 0, 1, 0]
T_right_left:
  rows: 3
  cols: 4
  data: [0.9999189999842378, 0.00927392731970859, -0.00871709484799569, -0.05968052204060377,
          -0.009231577824269699, 0.9999454511978819, 0.004885959428529005, -0.0005334476469976882,
          0.008761931373541011, -0.004805091126247473, 0.9999500685823629, 0.0005990728587972945]
T_b_c: 
  rows: 3
  cols: 4
  data: [0.00729100, 0.00511899, 0.99996032, -0.06016175, 
          -0.99995523, -0.00599467, 0.00732165, 0.00054603,
          0.00603191, -0.99996893, 0.00507505, -0.00046837]