image_width: 640
image_height: 480
camera_name: dvs
camera_matrix:
  rows: 3
  cols: 3
  data: [461.2163139816168, 0, 318.8079876397704, 0, 461.0122136067308, 243.96452256132653, 0, 0, 1]
distortion_model: plumb_bob
distortion_coefficients:
  rows: 1
  cols: 4
  data: [-0.08192118558051639, 0.06818876271078424, 0.00044765265062003386, -0.0013656046120856245]
rectification_matrix:
  rows: 3
  cols: 3
  data: [0.9998970187735651, -0.01159603493395525, 0.008454810556568822, 0.011534243815094, 0.9999066785123238, 0.007320893802414763, -0.008538914881350198, -0.007222620041422527, 0.9999374583904668]
projection_matrix:
  rows: 3
  cols: 4
  data: [460.0672677093505, 0, 316.9251556396484, 0, 0, 460.0672677093505, 240.9699401855469, 0, 0, 0, 1, 0]
T_right_left:
  rows: 3
  cols: 4
  data: [0.9998161814466622, -0.016596250577466963, 0.009600405417273385, -0.09893206701418371, 0.016454727047410744, 0.9997574677052945, 0.014637203465256259, -0.0004930408535477897, -0.009840999705380236, -0.014476540825004713, 0.9998467805071594, 0.0001205602706995574]
T_b_c:
  rows: 3
  cols: 4
  data: [1, 0, 0, 0, 0, 1, 0, 0, 0, 0, 1, 0]