image_width: 640
image_height: 480
camera_name: dvs
camera_matrix:
  rows: 3
  cols: 3
  data: [459.15105383521967, 0, 322.25971949739824, 0, 459.12232181197027, 237.90662591174674, 0, 0, 1]
distortion_model: plumb_bob
distortion_coefficients:
  rows: 1
  cols: 4
  data: [-0.08403968382854064, 0.07445679771654617, -0.0002662443455864947, -0.0012432634260699648]
rectification_matrix:
  rows: 3
  cols: 3
  data: [0.9999868394606302, 0.004983564780817705, -0.001218600679245683, -0.004992294635066647, 0.9999611190969065, -0.007268926243881475, 0.00118232813412744, 0.007274914194524723, 0.999972838492949]
projection_matrix:
  rows: 3
  cols: 4
  data: [460.0672677093505, 0, 316.9251556396484, -45.51600477522667, 0, 460.0672677093505, 240.9699401855469, 0, 0, 0, 1, 0]
T_right_left:
  rows: 3
  cols: 4
  data: [0.9998161814466622, -0.016596250577466963, 0.009600405417273385, -0.09893206701418371, 0.016454727047410744, 0.9997574677052945, 0.014637203465256259, -0.0004930408535477897, -0.009840999705380236, -0.014476540825004713, 0.9998467805071594, 0.0001205602706995574]
T_b_c:
  rows: 3
  cols: 4
  data: [1, 0, 0, 0, 0, 1, 0, 0, 0, 0, 1, 0]