image_width: 346
image_height: 260
camera_name: rpg_DAVIS240C_left
camera_matrix:
  rows: 3
  cols: 3
  data: [249.4193462974468, 0, 176.96598251764794, 
        0, 248.2210706868421, 129.64422604729532, 
        0.0, 0.0, 1.0]
distortion_model: plumb_bob
distortion_coefficients:
  rows: 1
  cols: 4
  data: [-0.3859980286746595, 0.15714116303479927, 0.000999666430159505, -0.0009713761233972322]
rectification_matrix:
  rows: 3
  cols: 3
  data: [0.9995003443509746, 0.0181596684703107, -0.02587060268590245,
        -0.01808754037253644, 0.9998318481074334, 0.003019336573835837,
        0.02592108264628011, -0.002549892374717319, 0.9996607402130595]
projection_matrix:
  rows: 3
  cols: 4
  data: [238.4206352011616, 0, 188.7504596710205, 0,
        0, 238.4206352011616, 133.5424709320068, 0,
        0, 0, 1, 0]
T_right_left:
  rows: 3
  cols: 4
  data: [0.9999286600597223, 0.009285710079706152, -0.007513346756374686, -0.06723808131620383,
        -0.009243321037037866, 0.999941277823228, 0.00565702408107525, -0.000590039299664489,
        0.007565435041829098, -0.005587172233183405, 0.9999557728715116, 0.0012380611083765995]
T_b_c: 
  rows: 3
  cols: 4
  data: [0.00729100, 0.00511899, 0.99996032, -0.06016175, 
          -0.99995523, -0.00599467, 0.00732165, 0.00054603,
          0.00603191, -0.99996893, 0.00507505, -0.00046837]