image_width: 346
image_height: 260
camera_name: rpg_DAVIS240C_right
camera_matrix:
  rows: 3
  cols: 3
  data: [258.93954952109385, 0, 178.43527345823654, 
        0, 258.3432634977477, 135.80246008866575, 
        0.0, 0.0, 1.0]
distortion_model: plumb_bob
distortion_coefficients:
  rows: 1
  cols: 4
  data: [-0.3950092876309208, 0.17901539256467755, -0.0004153284222370982, 0.0003989127190874065]
rectification_matrix:
  rows: 3
  cols: 3
  data: [0.9997920402814365, 0.008773548913206444, -0.01840926476940928,
        -0.008824786661167231, 0.9999574052070483, -0.002703869814097997,
        0.01838475809651909, 0.002865765352271386, 0.9998268790439064]
projection_matrix:
  rows: 3
  cols: 4
  data: [238.4206352011616, 0, 188.7504596710205, -16.03428054158547,
        0, 238.4206352011616, 133.5424709320068, 0,
        0, 0, 1, 0]
T_right_left:
  rows: 3
  cols: 4
  data: [0.9999286600597223, 0.009285710079706152, -0.007513346756374686, -0.06723808131620383,
        -0.009243321037037866, 0.999941277823228, 0.00565702408107525, -0.000590039299664489,
        0.007565435041829098, -0.005587172233183405, 0.9999557728715116, 0.0012380611083765995]
T_b_c: 
  rows: 3
  cols: 4
  data: [0.00729100, 0.00511899, 0.99996032, -0.06016175, 
          -0.99995523, -0.00599467, 0.00732165, 0.00054603,
          0.00603191, -0.99996893, 0.00507505, -0.00046837]