image_width: 640
image_height: 480
camera_name: RPG_DSEC_Prophesee_Gen3.1M
camera_matrix:
  rows: 3
  cols: 3
  data: [435.0863, 0, 323.9857, 0, 434.5751, 240.464, 0, 0, 1]
distortion_model: plumb_bob
distortion_coefficients:
  rows: 1
  cols: 4
  data: [0.0530792, -0.0781094, 0, 0]
rectification_matrix:
  rows: 3
  cols: 3
  data: [0.9995941869725392, 0.0113713022258326, 0.02611809442507195, -0.01134195798896495, 0.9999348696547945, -0.001271391924565647, -0.02613085072638765, 0.0009746456474386585, 0.9996580558902014]
projection_matrix:
  rows: 3
  cols: 4
  data: [403.110690311607, 0, 295.828914642334, 0, 0, 403.110690311607, 243.6332302093506, 0, 0, 0, 1, 0]
T_right_left:
  rows: 3
  cols: 4
  data: [0.9996284, 0.0044207, -0.0268977, -0.4954310939, -0.0044868, 0.9999871, -0.0023972, -0.00338544867, 0.0268868, 0.002517, 0.9996353, -0.0263019157]
T_b_c:
  rows: 3
  cols: 4
  data: [0.000000, 0.000000, 1.000000, 0.103080, -1.000000, 0.000000, 0.000000, 0.082500, 0.000000, -1.000000, 0.000000, 0.025000]