image_width: 640
image_height: 480
camera_name: RPG_DSEC_Prophesee_Gen3.1M
camera_matrix:
  rows: 3
  cols: 3
  data: [427.4323, 0, 320.1945, 0, 426.8733, 246.3685, 0, 0, 1]
distortion_model: plumb_bob
distortion_coefficients:
  rows: 1
  cols: 4
  data: [0.0319575, -0.0331783, 0, 0]
rectification_matrix:
  rows: 3
  cols: 3
  data: [0.9985705055599527, 0.006823570889217086, 0.05301305788256578, -0.006883128572912301, 0.9999758682802704, 0.0009409559863697183, -0.05300535790643431, -0.001304506588467821, 0.998593375852139]
projection_matrix:
  rows: 3
  cols: 4
  data: [403.110690311607, 0, 295.828914642334, -199.9994683919423, 0, 403.110690311607, 243.6332302093506, 0, 0, 0, 1, 0]
T_right_left:
  rows: 3
  cols: 4
  data: [0.9996284, 0.0044207, -0.0268977, -0.4954310939, -0.0044868, 0.9999871, -0.0023972, -0.00338544867, 0.0268868, 0.002517, 0.9996353, -0.0263019157]
T_b_c:
  rows: 3
  cols: 4
  data: [0.000000, 0.000000, 1.000000, 0.103080, -1.000000, 0.000000, 0.000000, 0.082500, 0.000000, -1.000000, 0.000000, 0.025000]