image_width: 346
image_height: 260
camera_name: cam0
camera_matrix:
  rows: 3
  cols: 3
  data:
    [2.967278936292441e+02,0,1.616274026055529e+02,0,2.966990117226031e+02,1.261988710423843e+02,0,0,1] 
distortion_model: plumb_bob
distortion_coefficients:
  rows: 1
  cols: 4
  data: [-0.388327616045254,0.168180304302503, 0.001664839040019,5.355744641121544e-04]
rectification_matrix:
  rows: 3
  cols: 3
  data: [0.9998760463206061, 0.01564200615774358, 0.001794334872422369,
      -0.01564033407937005, 0.9998772386224885, -0.0009421435946264376,
      -0.001808851613310328, 0.0009139628156064416, 0.9999979463617976]
projection_matrix:
  rows: 3
  cols: 4
  data: [281.5157935318537, 0, 167.2437591552734, 0,
      0, 281.5157935318537, 124.0536327362061, 0,
      0, 0, 1, 0]
