image_width: 346
image_height: 260
camera_name: cam1
camera_matrix:
  rows: 3
  cols: 3
  data:
    [3.009345843021640e+02,0,1.756827151274120e+02,0,3.011923955495321e+02,1.238245749539842e+02,0,0,1]
distortion_model: plumb_bob
distortion_coefficients:
  rows: 1
  cols: 4
  data: [-0.388495468659246,0.174576572394403, 3.662286623276693e-04,7.453948501352053e-04]
rectification_matrix:
  rows: 3
  cols: 3
  data: [0.9999121097612006, 0.01305136369244018, -0.002331235439096449,
    -0.01304919444627746, 0.9999144106793013, 0.0009433133990894091,
    0.002343347436486306, -0.0009128097465046527, 0.9999968377455793]
projection_matrix:
  rows: 3
  cols: 4
  data: [281.5157935318537, 0, 167.2437591552734, 21.26053110532651,
      0, 281.5157935318537, 124.0536327362061, 0,
      0, 0, 1, 0]

