image_width: 346
image_height: 260
camera_name: cam0
camera_matrix:
  rows: 3
  cols: 3
  data:
    [324.721454349627,0, 167.363258815825 ,0, 325.146102138928, 122.987757438070, 0,0,1] 
distortion_model: plumb_bob
distortion_coefficients:
  rows: 1
  cols: 4
  data: [0.109482838183258,-0.152653085200629, -5.06357509400982e-05,0.000480307189047985]
rectification_matrix:
  rows: 3
  cols: 3
  data: [0.9998780776154451, 0.001365520061486925, 0.01555523252811116,
        -0.001347060688747066, 0.9999983761710375, -0.001197114359199766,
        -0.01555684195274745, 0.001176014561919572, 0.9998782934228583]
projection_matrix:
  rows: 3
  cols: 4
  data: [344.4306442582927, 0, 167.3640041351318, 0,
        0, 344.4306442582927, 123.9237966537476, 0,
        0, 0, 1, 0]