image_width: 346
image_height: 260
camera_name: cam1
camera_matrix:
  rows: 3
  cols: 3
  data:
    [325.161356261552,0, 181.008028088377 ,0, 325.742516585927, 124.787838219710, 0,0,1]
distortion_model: plumb_bob
distortion_coefficients:
  rows: 1
  cols: 4
  data: [0.110807074561056,-0.157809516688107, -0.000217845629616851, 0.000564730124597189]
rectification_matrix:
  rows: 3
  cols: 3
  data: [0.9998346774307521, 0.001447002336990212, 0.01812523078972752,
        -0.001468509617434029, 0.9999982333747696, 0.001173340037349547,
        -0.01812350094346137, -0.001199763133492895, 0.999835036034433]
projection_matrix:
  rows: 3
  cols: 4
  data: [344.4306442582927, 0, 167.3640041351318, -24.1494212442973,
          0, 344.4306442582927, 123.9237966537476, 0,
          0, 0, 1, 0]
